Part 14 / page_0097 Korean translation
Status: reviewed (not final approved)
Source: docs/ufo14.pdf
SHA-256: db87b2051dc434188f23e59904c375d0b52b3692763d48ef6163a0f309554da3

[TU-p14-page-0097-u001 | source lines 1]
총 UFO 목격, 1947 - 1969

[TU-p14-page-0097-u002 | source lines 3]
연도 총 목격 미확인

[TU-p14-page-0097-u003 | source lines 5, 6, 7, 8, 9, 10, 11, 12, 13, 14, 15, 16, 17, 18, 19, 20, 21, 22, 23, 24, 25, 26, 27]
1947 122 12
1948 156 7
1949 186 22
1950 210 27
1951 169 22
1952 1,501 303
1953 509 42
1954 487 46
1955 545 24
1956 670 14
1957 1,006 14
1958 627 10
1959 390 12
1960 557 14
1961 591 13
1962 474 15
1963 399 14
1964 562 19
1965 887 16
1966 1,112 32
1967 937 19
1968 375 3
1969 146 1

[TU-p14-page-0097-u004 | source lines 29]
총계 12,618 701
