# Part 14, page 97
# Source: docs/ufo14.pdf  SHA-256: db87b2051dc434188f23e59904c375d0b52b3692763d48ef6163a0f309554da3
# pageId: page_0097
# sourceLayer: line_audit
# translationReadiness: ready
TOTAL UFO SIGHTINGS, 1947 - 1969

YEAR TOTAL SIGHTINGS UNIDENTIFIED

1947 122 12
1948 156 7
1949 186 22
1950 210 27
1951 169 22
1952 1,501 303
1953 509 42
1954 487 46
1955 545 24
1956 670 14
1957 1,006 14
1958 627 10
1959 390 12
1960 557 14
1961 591 13
1962 474 15
1963 399 14
1964 562 19
1965 887 16
1966 1,112 32
1967 937 19
1968 375 3
1969 146 1

TOTAL 12,618 701
